train_qy[[1.]
 [1.]
 [1.]
 [1.]
 [1.]
 [1.]
 [1.]
 [1.]
 [1.]
 [1.]]
train_z_all[[[-1.15  0.82 ][ 0.85 -0.09 ][ 0.53 -0.1 ][  1.25  1.19 ][ 1.38 -0.07 ][ 0.31
   -0.04 ][ 0.25  0.65 ][ 0.78 -0.66 ][ 0.71  1.01][ -1.25 -0.31]]]

train_qy[[0.24 0.76]
 [0.3  0.7 ]
 [0.41 0.59]
 [0.26 0.74]
 [0.47 0.53]
 [0.39 0.61]
 [0.34 0.66]
 [0.28 0.72]
 [0.18 0.82]
 [0.72 0.28]]


train_z_all[[[-0.96  0.73]
 [  -0.52  1.44 ][ 0.6  -0.73 ][ 0.78  0.12 ][ 1.11 -0.02][  0.89  0.65][  0.47
   -0.59 ][ 0.17  0.99 ][ 0.11  0.84 ][ 1.09 -0.52 ]][[-0.46  0.69 ][-0.81 -0.23][
   -0.97 -0.56][ -1.07  0.86 ][-0.67 -0.06][-0.14  0.56][ -2.85  0.29][ -1.54 -0.84][-1.07 -0.73][ -1.04  0.67 ]]]